91 6915.29
92 6624.76
93 6334.38
94 6044.15
95 5754.10
96 5464.60
97 5176.77
98 4892.26
99 4612.58
100 4338.77
101 4071.80
102 3812.53
103 3561.70
104 3319.94
105 3087.75
106 2865.54
107 2653.58
108 2452.04
109 2260.99
110 2080.41
111 1910.19
112 1750.14
113 1600.04
114 1459.58
115 1328.43
116 1206.21
117 1092.54
118 987.00
119 889.17
120 798.62
121 714.94
122 637.70
123 566.49
124 500.91
125 440.58
126 385.14
127 334.22
128 287.51
129 244.68
130 205.44
131 169.50
132 136.62
133 106.54
134 79.04
135 53.92
136 30.96
137 10.00
